0.42426,0.0020265,0.14664,4.4173e-011,0.42708
3.2454e-006,7.4462e-014,0.65862,0.00018438,0.3412
0.23989,0.0042606,5.7118e-010,1.747e-008,0.75585
0.16932,0.011671,2.5813e-023,8.7051e-007,0.81901
0.001168,6.3158e-006,0.0099399,0.078344,0.91054
0.94701,0.050517,4.8686e-011,0.0024696,4.8434e-015
1.8489e-006,1.9264e-008,0.0040713,0.99593,2.211e-010
0.021126,0.23472,6.4183e-010,0.012066,0.73209
6.5111e-006,0.238,0.72571,0.036284,5.1631e-013
0.094411,2.9169e-006,0.90553,1.4041e-006,5.5748e-005
0.0012606,0.10698,0.0081935,0.88357,8.0129e-008
4.6048e-019,1.3086e-006,0.86054,0.00032088,0.13914
0.08882,0.77092,7.1274e-008,2.4453e-005,0.14024
0.014103,5.7716e-005,0.39234,0.58424,0.0092611
3.146e-005,0.00028186,0.0074351,0.00010989,0.99214
0.00088007,0.80188,2.1927e-006,0.17898,0.018257
0.69514,0.14064,0.001632,0.16164,0.00094748
0.96728,0.020046,0.00095095,0.011714,9.313e-006
0.040552,0.23746,0.37676,0.003901,0.34133
0.9814,0.00033059,0.017876,8.6351e-011,0.00039382
